{
 "cells": [
  {
   "cell_type": "code",
   "execution_count": 25,
   "id": "c8a45774",
   "metadata": {
    "ExecuteTime": {
     "end_time": "2021-04-22T06:22:34.854325Z",
     "start_time": "2021-04-22T06:22:34.847780Z"
    }
   },
   "outputs": [],
   "source": [
    "import numpy as np\n",
    "import scipy.stats as stats\n",
    "import pandas as pd\n",
    "import matplotlib.pyplot as plt\n",
    "%matplotlib inline\n",
    "import seaborn as sns\n",
    "sns.set_style('darkgrid')\n",
    "\n",
    "import statsmodels.api as sm\n",
    "from statsmodels.formula.api import ols\n",
    "from statsmodels.stats.diagnostic import linear_rainbow, het_breuschpagan\n",
    "from statsmodels.stats.outliers_influence import variance_inflation_factor\n",
    "\n",
    "from sklearn.preprocessing import LabelEncoder"
   ]
  },
  {
   "cell_type": "code",
   "execution_count": 2,
   "id": "e1c8a8b5",
   "metadata": {
    "ExecuteTime": {
     "end_time": "2021-04-22T06:08:14.685928Z",
     "start_time": "2021-04-22T06:08:14.553562Z"
    }
   },
   "outputs": [
    {
     "name": "stdout",
     "output_type": "stream",
     "text": [
      "CONTRIBUTING.md    README.md          Round 2.....ipynb  halfway-there.gif\r\n",
      "LICENSE.md         Round 1.ipynb      \u001b[34mdata\u001b[m\u001b[m/\r\n"
     ]
    }
   ],
   "source": [
    "ls"
   ]
  },
  {
   "cell_type": "code",
   "execution_count": 3,
   "id": "ad804c78",
   "metadata": {
    "ExecuteTime": {
     "end_time": "2021-04-22T06:08:14.730619Z",
     "start_time": "2021-04-22T06:08:14.691042Z"
    }
   },
   "outputs": [],
   "source": [
    "data = pd.read_csv(\"data/cleaned_kc_house_data.csv\")"
   ]
  },
  {
   "cell_type": "code",
   "execution_count": 4,
   "id": "98493b3d",
   "metadata": {
    "ExecuteTime": {
     "end_time": "2021-04-22T06:08:14.764344Z",
     "start_time": "2021-04-22T06:08:14.732714Z"
    }
   },
   "outputs": [
    {
     "data": {
      "text/html": [
       "<div>\n",
       "<style scoped>\n",
       "    .dataframe tbody tr th:only-of-type {\n",
       "        vertical-align: middle;\n",
       "    }\n",
       "\n",
       "    .dataframe tbody tr th {\n",
       "        vertical-align: top;\n",
       "    }\n",
       "\n",
       "    .dataframe thead th {\n",
       "        text-align: right;\n",
       "    }\n",
       "</style>\n",
       "<table border=\"1\" class=\"dataframe\">\n",
       "  <thead>\n",
       "    <tr style=\"text-align: right;\">\n",
       "      <th></th>\n",
       "      <th>Unnamed: 0</th>\n",
       "      <th>price</th>\n",
       "      <th>date</th>\n",
       "      <th>bedrooms</th>\n",
       "      <th>bathrooms</th>\n",
       "      <th>sqft_living</th>\n",
       "      <th>sqft_lot</th>\n",
       "      <th>floors</th>\n",
       "      <th>waterfront</th>\n",
       "      <th>view</th>\n",
       "      <th>...</th>\n",
       "      <th>grade</th>\n",
       "      <th>sqft_above</th>\n",
       "      <th>sqft_basement</th>\n",
       "      <th>yr_built</th>\n",
       "      <th>yr_renovated</th>\n",
       "      <th>zipcode</th>\n",
       "      <th>lat</th>\n",
       "      <th>long</th>\n",
       "      <th>sqft_living15</th>\n",
       "      <th>sqft_lot15</th>\n",
       "    </tr>\n",
       "  </thead>\n",
       "  <tbody>\n",
       "    <tr>\n",
       "      <th>0</th>\n",
       "      <td>1</td>\n",
       "      <td>538000.0</td>\n",
       "      <td>2014-12-09</td>\n",
       "      <td>3</td>\n",
       "      <td>2.25</td>\n",
       "      <td>2570</td>\n",
       "      <td>7242</td>\n",
       "      <td>2.0</td>\n",
       "      <td>0.0</td>\n",
       "      <td>0.0</td>\n",
       "      <td>...</td>\n",
       "      <td>7</td>\n",
       "      <td>2170</td>\n",
       "      <td>400.0</td>\n",
       "      <td>1951</td>\n",
       "      <td>1991.0</td>\n",
       "      <td>98125</td>\n",
       "      <td>47.7210</td>\n",
       "      <td>-122.319</td>\n",
       "      <td>1690</td>\n",
       "      <td>7639</td>\n",
       "    </tr>\n",
       "    <tr>\n",
       "      <th>1</th>\n",
       "      <td>3</td>\n",
       "      <td>604000.0</td>\n",
       "      <td>2014-12-09</td>\n",
       "      <td>4</td>\n",
       "      <td>3.00</td>\n",
       "      <td>1960</td>\n",
       "      <td>5000</td>\n",
       "      <td>1.0</td>\n",
       "      <td>0.0</td>\n",
       "      <td>0.0</td>\n",
       "      <td>...</td>\n",
       "      <td>7</td>\n",
       "      <td>1050</td>\n",
       "      <td>910.0</td>\n",
       "      <td>1965</td>\n",
       "      <td>0.0</td>\n",
       "      <td>98136</td>\n",
       "      <td>47.5208</td>\n",
       "      <td>-122.393</td>\n",
       "      <td>1360</td>\n",
       "      <td>5000</td>\n",
       "    </tr>\n",
       "    <tr>\n",
       "      <th>2</th>\n",
       "      <td>4</td>\n",
       "      <td>510000.0</td>\n",
       "      <td>2015-02-18</td>\n",
       "      <td>3</td>\n",
       "      <td>2.00</td>\n",
       "      <td>1680</td>\n",
       "      <td>8080</td>\n",
       "      <td>1.0</td>\n",
       "      <td>0.0</td>\n",
       "      <td>0.0</td>\n",
       "      <td>...</td>\n",
       "      <td>8</td>\n",
       "      <td>1680</td>\n",
       "      <td>0.0</td>\n",
       "      <td>1987</td>\n",
       "      <td>0.0</td>\n",
       "      <td>98074</td>\n",
       "      <td>47.6168</td>\n",
       "      <td>-122.045</td>\n",
       "      <td>1800</td>\n",
       "      <td>7503</td>\n",
       "    </tr>\n",
       "    <tr>\n",
       "      <th>3</th>\n",
       "      <td>5</td>\n",
       "      <td>1230000.0</td>\n",
       "      <td>2014-05-12</td>\n",
       "      <td>4</td>\n",
       "      <td>4.50</td>\n",
       "      <td>5420</td>\n",
       "      <td>101930</td>\n",
       "      <td>1.0</td>\n",
       "      <td>0.0</td>\n",
       "      <td>0.0</td>\n",
       "      <td>...</td>\n",
       "      <td>11</td>\n",
       "      <td>3890</td>\n",
       "      <td>1530.0</td>\n",
       "      <td>2001</td>\n",
       "      <td>0.0</td>\n",
       "      <td>98053</td>\n",
       "      <td>47.6561</td>\n",
       "      <td>-122.005</td>\n",
       "      <td>4760</td>\n",
       "      <td>101930</td>\n",
       "    </tr>\n",
       "    <tr>\n",
       "      <th>4</th>\n",
       "      <td>6</td>\n",
       "      <td>257500.0</td>\n",
       "      <td>2014-06-27</td>\n",
       "      <td>3</td>\n",
       "      <td>2.25</td>\n",
       "      <td>1715</td>\n",
       "      <td>6819</td>\n",
       "      <td>2.0</td>\n",
       "      <td>0.0</td>\n",
       "      <td>0.0</td>\n",
       "      <td>...</td>\n",
       "      <td>7</td>\n",
       "      <td>1715</td>\n",
       "      <td>?</td>\n",
       "      <td>1995</td>\n",
       "      <td>0.0</td>\n",
       "      <td>98003</td>\n",
       "      <td>47.3097</td>\n",
       "      <td>-122.327</td>\n",
       "      <td>2238</td>\n",
       "      <td>6819</td>\n",
       "    </tr>\n",
       "  </tbody>\n",
       "</table>\n",
       "<p>5 rows × 21 columns</p>\n",
       "</div>"
      ],
      "text/plain": [
       "   Unnamed: 0      price        date  bedrooms  bathrooms  sqft_living  \\\n",
       "0           1   538000.0  2014-12-09         3       2.25         2570   \n",
       "1           3   604000.0  2014-12-09         4       3.00         1960   \n",
       "2           4   510000.0  2015-02-18         3       2.00         1680   \n",
       "3           5  1230000.0  2014-05-12         4       4.50         5420   \n",
       "4           6   257500.0  2014-06-27         3       2.25         1715   \n",
       "\n",
       "   sqft_lot  floors  waterfront  view  ...  grade  sqft_above  sqft_basement  \\\n",
       "0      7242     2.0         0.0   0.0  ...      7        2170          400.0   \n",
       "1      5000     1.0         0.0   0.0  ...      7        1050          910.0   \n",
       "2      8080     1.0         0.0   0.0  ...      8        1680            0.0   \n",
       "3    101930     1.0         0.0   0.0  ...     11        3890         1530.0   \n",
       "4      6819     2.0         0.0   0.0  ...      7        1715              ?   \n",
       "\n",
       "  yr_built  yr_renovated  zipcode      lat     long  sqft_living15  sqft_lot15  \n",
       "0     1951        1991.0    98125  47.7210 -122.319           1690        7639  \n",
       "1     1965           0.0    98136  47.5208 -122.393           1360        5000  \n",
       "2     1987           0.0    98074  47.6168 -122.045           1800        7503  \n",
       "3     2001           0.0    98053  47.6561 -122.005           4760      101930  \n",
       "4     1995           0.0    98003  47.3097 -122.327           2238        6819  \n",
       "\n",
       "[5 rows x 21 columns]"
      ]
     },
     "execution_count": 4,
     "metadata": {},
     "output_type": "execute_result"
    }
   ],
   "source": [
    "data.head()"
   ]
  },
  {
   "cell_type": "code",
   "execution_count": 5,
   "id": "c85c03b3",
   "metadata": {
    "ExecuteTime": {
     "end_time": "2021-04-22T06:08:14.772103Z",
     "start_time": "2021-04-22T06:08:14.766815Z"
    }
   },
   "outputs": [],
   "source": [
    "data = data.drop(columns=['Unnamed: 0'])"
   ]
  },
  {
   "cell_type": "code",
   "execution_count": 6,
   "id": "e66ba885",
   "metadata": {
    "ExecuteTime": {
     "end_time": "2021-04-22T06:08:14.842033Z",
     "start_time": "2021-04-22T06:08:14.777792Z"
    }
   },
   "outputs": [
    {
     "data": {
      "text/html": [
       "<div>\n",
       "<style scoped>\n",
       "    .dataframe tbody tr th:only-of-type {\n",
       "        vertical-align: middle;\n",
       "    }\n",
       "\n",
       "    .dataframe tbody tr th {\n",
       "        vertical-align: top;\n",
       "    }\n",
       "\n",
       "    .dataframe thead th {\n",
       "        text-align: right;\n",
       "    }\n",
       "</style>\n",
       "<table border=\"1\" class=\"dataframe\">\n",
       "  <thead>\n",
       "    <tr style=\"text-align: right;\">\n",
       "      <th></th>\n",
       "      <th>price</th>\n",
       "      <th>bedrooms</th>\n",
       "      <th>bathrooms</th>\n",
       "      <th>sqft_living</th>\n",
       "      <th>sqft_lot</th>\n",
       "      <th>floors</th>\n",
       "      <th>waterfront</th>\n",
       "      <th>view</th>\n",
       "      <th>condition</th>\n",
       "      <th>grade</th>\n",
       "      <th>sqft_above</th>\n",
       "      <th>yr_built</th>\n",
       "      <th>yr_renovated</th>\n",
       "      <th>zipcode</th>\n",
       "      <th>lat</th>\n",
       "      <th>long</th>\n",
       "      <th>sqft_living15</th>\n",
       "      <th>sqft_lot15</th>\n",
       "    </tr>\n",
       "  </thead>\n",
       "  <tbody>\n",
       "    <tr>\n",
       "      <th>count</th>\n",
       "      <td>1.576200e+04</td>\n",
       "      <td>15762.000000</td>\n",
       "      <td>15762.000000</td>\n",
       "      <td>15762.000000</td>\n",
       "      <td>1.576200e+04</td>\n",
       "      <td>15762.000000</td>\n",
       "      <td>15762.000000</td>\n",
       "      <td>15762.000000</td>\n",
       "      <td>15762.000000</td>\n",
       "      <td>15762.000000</td>\n",
       "      <td>15762.000000</td>\n",
       "      <td>15762.000000</td>\n",
       "      <td>15762.000000</td>\n",
       "      <td>15762.000000</td>\n",
       "      <td>15762.000000</td>\n",
       "      <td>15762.000000</td>\n",
       "      <td>15762.000000</td>\n",
       "      <td>15762.000000</td>\n",
       "    </tr>\n",
       "    <tr>\n",
       "      <th>mean</th>\n",
       "      <td>5.413172e+05</td>\n",
       "      <td>3.378949</td>\n",
       "      <td>2.120797</td>\n",
       "      <td>2084.512372</td>\n",
       "      <td>1.528082e+04</td>\n",
       "      <td>1.495147</td>\n",
       "      <td>0.007613</td>\n",
       "      <td>0.229984</td>\n",
       "      <td>3.410862</td>\n",
       "      <td>7.663748</td>\n",
       "      <td>1792.775473</td>\n",
       "      <td>1971.111217</td>\n",
       "      <td>82.440236</td>\n",
       "      <td>98077.558241</td>\n",
       "      <td>47.559177</td>\n",
       "      <td>-122.213520</td>\n",
       "      <td>1990.219579</td>\n",
       "      <td>12900.415556</td>\n",
       "    </tr>\n",
       "    <tr>\n",
       "      <th>std</th>\n",
       "      <td>3.722258e+05</td>\n",
       "      <td>0.935301</td>\n",
       "      <td>0.766772</td>\n",
       "      <td>918.617686</td>\n",
       "      <td>4.182288e+04</td>\n",
       "      <td>0.539352</td>\n",
       "      <td>0.086924</td>\n",
       "      <td>0.761324</td>\n",
       "      <td>0.651961</td>\n",
       "      <td>1.172238</td>\n",
       "      <td>828.403502</td>\n",
       "      <td>29.336823</td>\n",
       "      <td>397.212626</td>\n",
       "      <td>53.414906</td>\n",
       "      <td>0.138629</td>\n",
       "      <td>0.140706</td>\n",
       "      <td>684.142495</td>\n",
       "      <td>27977.230059</td>\n",
       "    </tr>\n",
       "    <tr>\n",
       "      <th>min</th>\n",
       "      <td>8.200000e+04</td>\n",
       "      <td>1.000000</td>\n",
       "      <td>0.500000</td>\n",
       "      <td>370.000000</td>\n",
       "      <td>5.200000e+02</td>\n",
       "      <td>1.000000</td>\n",
       "      <td>0.000000</td>\n",
       "      <td>0.000000</td>\n",
       "      <td>1.000000</td>\n",
       "      <td>3.000000</td>\n",
       "      <td>370.000000</td>\n",
       "      <td>1900.000000</td>\n",
       "      <td>0.000000</td>\n",
       "      <td>98001.000000</td>\n",
       "      <td>47.155900</td>\n",
       "      <td>-122.519000</td>\n",
       "      <td>399.000000</td>\n",
       "      <td>659.000000</td>\n",
       "    </tr>\n",
       "    <tr>\n",
       "      <th>25%</th>\n",
       "      <td>3.210000e+05</td>\n",
       "      <td>3.000000</td>\n",
       "      <td>1.750000</td>\n",
       "      <td>1430.000000</td>\n",
       "      <td>5.048500e+03</td>\n",
       "      <td>1.000000</td>\n",
       "      <td>0.000000</td>\n",
       "      <td>0.000000</td>\n",
       "      <td>3.000000</td>\n",
       "      <td>7.000000</td>\n",
       "      <td>1200.000000</td>\n",
       "      <td>1952.000000</td>\n",
       "      <td>0.000000</td>\n",
       "      <td>98033.000000</td>\n",
       "      <td>47.469200</td>\n",
       "      <td>-122.328000</td>\n",
       "      <td>1490.000000</td>\n",
       "      <td>5100.000000</td>\n",
       "    </tr>\n",
       "    <tr>\n",
       "      <th>50%</th>\n",
       "      <td>4.500000e+05</td>\n",
       "      <td>3.000000</td>\n",
       "      <td>2.250000</td>\n",
       "      <td>1920.000000</td>\n",
       "      <td>7.602000e+03</td>\n",
       "      <td>1.500000</td>\n",
       "      <td>0.000000</td>\n",
       "      <td>0.000000</td>\n",
       "      <td>3.000000</td>\n",
       "      <td>7.000000</td>\n",
       "      <td>1570.000000</td>\n",
       "      <td>1975.000000</td>\n",
       "      <td>0.000000</td>\n",
       "      <td>98065.000000</td>\n",
       "      <td>47.571000</td>\n",
       "      <td>-122.229000</td>\n",
       "      <td>1846.000000</td>\n",
       "      <td>7620.000000</td>\n",
       "    </tr>\n",
       "    <tr>\n",
       "      <th>75%</th>\n",
       "      <td>6.448750e+05</td>\n",
       "      <td>4.000000</td>\n",
       "      <td>2.500000</td>\n",
       "      <td>2550.000000</td>\n",
       "      <td>1.072000e+04</td>\n",
       "      <td>2.000000</td>\n",
       "      <td>0.000000</td>\n",
       "      <td>0.000000</td>\n",
       "      <td>4.000000</td>\n",
       "      <td>8.000000</td>\n",
       "      <td>2220.000000</td>\n",
       "      <td>1997.000000</td>\n",
       "      <td>0.000000</td>\n",
       "      <td>98117.000000</td>\n",
       "      <td>47.677400</td>\n",
       "      <td>-122.124000</td>\n",
       "      <td>2370.000000</td>\n",
       "      <td>10107.500000</td>\n",
       "    </tr>\n",
       "    <tr>\n",
       "      <th>max</th>\n",
       "      <td>7.700000e+06</td>\n",
       "      <td>33.000000</td>\n",
       "      <td>8.000000</td>\n",
       "      <td>13540.000000</td>\n",
       "      <td>1.651359e+06</td>\n",
       "      <td>3.500000</td>\n",
       "      <td>1.000000</td>\n",
       "      <td>4.000000</td>\n",
       "      <td>5.000000</td>\n",
       "      <td>13.000000</td>\n",
       "      <td>9410.000000</td>\n",
       "      <td>2015.000000</td>\n",
       "      <td>2015.000000</td>\n",
       "      <td>98199.000000</td>\n",
       "      <td>47.777600</td>\n",
       "      <td>-121.315000</td>\n",
       "      <td>6210.000000</td>\n",
       "      <td>871200.000000</td>\n",
       "    </tr>\n",
       "  </tbody>\n",
       "</table>\n",
       "</div>"
      ],
      "text/plain": [
       "              price      bedrooms     bathrooms   sqft_living      sqft_lot  \\\n",
       "count  1.576200e+04  15762.000000  15762.000000  15762.000000  1.576200e+04   \n",
       "mean   5.413172e+05      3.378949      2.120797   2084.512372  1.528082e+04   \n",
       "std    3.722258e+05      0.935301      0.766772    918.617686  4.182288e+04   \n",
       "min    8.200000e+04      1.000000      0.500000    370.000000  5.200000e+02   \n",
       "25%    3.210000e+05      3.000000      1.750000   1430.000000  5.048500e+03   \n",
       "50%    4.500000e+05      3.000000      2.250000   1920.000000  7.602000e+03   \n",
       "75%    6.448750e+05      4.000000      2.500000   2550.000000  1.072000e+04   \n",
       "max    7.700000e+06     33.000000      8.000000  13540.000000  1.651359e+06   \n",
       "\n",
       "             floors    waterfront          view     condition         grade  \\\n",
       "count  15762.000000  15762.000000  15762.000000  15762.000000  15762.000000   \n",
       "mean       1.495147      0.007613      0.229984      3.410862      7.663748   \n",
       "std        0.539352      0.086924      0.761324      0.651961      1.172238   \n",
       "min        1.000000      0.000000      0.000000      1.000000      3.000000   \n",
       "25%        1.000000      0.000000      0.000000      3.000000      7.000000   \n",
       "50%        1.500000      0.000000      0.000000      3.000000      7.000000   \n",
       "75%        2.000000      0.000000      0.000000      4.000000      8.000000   \n",
       "max        3.500000      1.000000      4.000000      5.000000     13.000000   \n",
       "\n",
       "         sqft_above      yr_built  yr_renovated       zipcode           lat  \\\n",
       "count  15762.000000  15762.000000  15762.000000  15762.000000  15762.000000   \n",
       "mean    1792.775473   1971.111217     82.440236  98077.558241     47.559177   \n",
       "std      828.403502     29.336823    397.212626     53.414906      0.138629   \n",
       "min      370.000000   1900.000000      0.000000  98001.000000     47.155900   \n",
       "25%     1200.000000   1952.000000      0.000000  98033.000000     47.469200   \n",
       "50%     1570.000000   1975.000000      0.000000  98065.000000     47.571000   \n",
       "75%     2220.000000   1997.000000      0.000000  98117.000000     47.677400   \n",
       "max     9410.000000   2015.000000   2015.000000  98199.000000     47.777600   \n",
       "\n",
       "               long  sqft_living15     sqft_lot15  \n",
       "count  15762.000000   15762.000000   15762.000000  \n",
       "mean    -122.213520    1990.219579   12900.415556  \n",
       "std        0.140706     684.142495   27977.230059  \n",
       "min     -122.519000     399.000000     659.000000  \n",
       "25%     -122.328000    1490.000000    5100.000000  \n",
       "50%     -122.229000    1846.000000    7620.000000  \n",
       "75%     -122.124000    2370.000000   10107.500000  \n",
       "max     -121.315000    6210.000000  871200.000000  "
      ]
     },
     "execution_count": 6,
     "metadata": {},
     "output_type": "execute_result"
    }
   ],
   "source": [
    "data.describe()"
   ]
  },
  {
   "cell_type": "code",
   "execution_count": 7,
   "id": "d5f0b3a9",
   "metadata": {
    "ExecuteTime": {
     "end_time": "2021-04-22T06:08:14.886204Z",
     "start_time": "2021-04-22T06:08:14.846076Z"
    }
   },
   "outputs": [
    {
     "data": {
      "text/html": [
       "<div>\n",
       "<style scoped>\n",
       "    .dataframe tbody tr th:only-of-type {\n",
       "        vertical-align: middle;\n",
       "    }\n",
       "\n",
       "    .dataframe tbody tr th {\n",
       "        vertical-align: top;\n",
       "    }\n",
       "\n",
       "    .dataframe thead th {\n",
       "        text-align: right;\n",
       "    }\n",
       "</style>\n",
       "<table border=\"1\" class=\"dataframe\">\n",
       "  <thead>\n",
       "    <tr style=\"text-align: right;\">\n",
       "      <th></th>\n",
       "      <th>price</th>\n",
       "      <th>bedrooms</th>\n",
       "      <th>bathrooms</th>\n",
       "      <th>sqft_living</th>\n",
       "      <th>sqft_lot</th>\n",
       "      <th>floors</th>\n",
       "      <th>waterfront</th>\n",
       "      <th>view</th>\n",
       "      <th>condition</th>\n",
       "      <th>grade</th>\n",
       "      <th>sqft_above</th>\n",
       "      <th>yr_built</th>\n",
       "      <th>yr_renovated</th>\n",
       "      <th>zipcode</th>\n",
       "      <th>lat</th>\n",
       "      <th>long</th>\n",
       "      <th>sqft_living15</th>\n",
       "      <th>sqft_lot15</th>\n",
       "    </tr>\n",
       "  </thead>\n",
       "  <tbody>\n",
       "    <tr>\n",
       "      <th>price</th>\n",
       "      <td>1.000000</td>\n",
       "      <td>0.305489</td>\n",
       "      <td>0.526155</td>\n",
       "      <td>0.706189</td>\n",
       "      <td>0.084504</td>\n",
       "      <td>0.259505</td>\n",
       "      <td>0.274212</td>\n",
       "      <td>0.396862</td>\n",
       "      <td>0.034367</td>\n",
       "      <td>0.664146</td>\n",
       "      <td>0.612014</td>\n",
       "      <td>0.049345</td>\n",
       "      <td>0.122731</td>\n",
       "      <td>-0.049502</td>\n",
       "      <td>0.306607</td>\n",
       "      <td>0.021215</td>\n",
       "      <td>0.581572</td>\n",
       "      <td>0.079402</td>\n",
       "    </tr>\n",
       "    <tr>\n",
       "      <th>bedrooms</th>\n",
       "      <td>0.305489</td>\n",
       "      <td>1.000000</td>\n",
       "      <td>0.512243</td>\n",
       "      <td>0.573575</td>\n",
       "      <td>0.025460</td>\n",
       "      <td>0.180485</td>\n",
       "      <td>-0.005833</td>\n",
       "      <td>0.080577</td>\n",
       "      <td>0.020074</td>\n",
       "      <td>0.354243</td>\n",
       "      <td>0.474272</td>\n",
       "      <td>0.153229</td>\n",
       "      <td>0.017430</td>\n",
       "      <td>-0.147255</td>\n",
       "      <td>-0.005917</td>\n",
       "      <td>0.129370</td>\n",
       "      <td>0.390720</td>\n",
       "      <td>0.025217</td>\n",
       "    </tr>\n",
       "    <tr>\n",
       "      <th>bathrooms</th>\n",
       "      <td>0.526155</td>\n",
       "      <td>0.512243</td>\n",
       "      <td>1.000000</td>\n",
       "      <td>0.753846</td>\n",
       "      <td>0.080362</td>\n",
       "      <td>0.505187</td>\n",
       "      <td>0.065688</td>\n",
       "      <td>0.180923</td>\n",
       "      <td>-0.130287</td>\n",
       "      <td>0.664748</td>\n",
       "      <td>0.685677</td>\n",
       "      <td>0.504841</td>\n",
       "      <td>0.046988</td>\n",
       "      <td>-0.199625</td>\n",
       "      <td>0.029930</td>\n",
       "      <td>0.222755</td>\n",
       "      <td>0.569290</td>\n",
       "      <td>0.081984</td>\n",
       "    </tr>\n",
       "    <tr>\n",
       "      <th>sqft_living</th>\n",
       "      <td>0.706189</td>\n",
       "      <td>0.573575</td>\n",
       "      <td>0.753846</td>\n",
       "      <td>1.000000</td>\n",
       "      <td>0.165336</td>\n",
       "      <td>0.359407</td>\n",
       "      <td>0.111491</td>\n",
       "      <td>0.285506</td>\n",
       "      <td>-0.062319</td>\n",
       "      <td>0.764251</td>\n",
       "      <td>0.876176</td>\n",
       "      <td>0.314220</td>\n",
       "      <td>0.050232</td>\n",
       "      <td>-0.196537</td>\n",
       "      <td>0.058394</td>\n",
       "      <td>0.239521</td>\n",
       "      <td>0.756676</td>\n",
       "      <td>0.176820</td>\n",
       "    </tr>\n",
       "    <tr>\n",
       "      <th>sqft_lot</th>\n",
       "      <td>0.084504</td>\n",
       "      <td>0.025460</td>\n",
       "      <td>0.080362</td>\n",
       "      <td>0.165336</td>\n",
       "      <td>1.000000</td>\n",
       "      <td>-0.009924</td>\n",
       "      <td>0.025982</td>\n",
       "      <td>0.077073</td>\n",
       "      <td>-0.016036</td>\n",
       "      <td>0.108950</td>\n",
       "      <td>0.174216</td>\n",
       "      <td>0.051578</td>\n",
       "      <td>0.002147</td>\n",
       "      <td>-0.129494</td>\n",
       "      <td>-0.084304</td>\n",
       "      <td>0.231638</td>\n",
       "      <td>0.145393</td>\n",
       "      <td>0.718489</td>\n",
       "    </tr>\n",
       "    <tr>\n",
       "      <th>floors</th>\n",
       "      <td>0.259505</td>\n",
       "      <td>0.180485</td>\n",
       "      <td>0.505187</td>\n",
       "      <td>0.359407</td>\n",
       "      <td>-0.009924</td>\n",
       "      <td>1.000000</td>\n",
       "      <td>0.018382</td>\n",
       "      <td>0.027518</td>\n",
       "      <td>-0.261013</td>\n",
       "      <td>0.459843</td>\n",
       "      <td>0.529101</td>\n",
       "      <td>0.487052</td>\n",
       "      <td>-0.000720</td>\n",
       "      <td>-0.058130</td>\n",
       "      <td>0.058190</td>\n",
       "      <td>0.129769</td>\n",
       "      <td>0.281982</td>\n",
       "      <td>-0.013571</td>\n",
       "    </tr>\n",
       "    <tr>\n",
       "      <th>waterfront</th>\n",
       "      <td>0.274212</td>\n",
       "      <td>-0.005833</td>\n",
       "      <td>0.065688</td>\n",
       "      <td>0.111491</td>\n",
       "      <td>0.025982</td>\n",
       "      <td>0.018382</td>\n",
       "      <td>1.000000</td>\n",
       "      <td>0.409773</td>\n",
       "      <td>0.016454</td>\n",
       "      <td>0.083034</td>\n",
       "      <td>0.077165</td>\n",
       "      <td>-0.024068</td>\n",
       "      <td>0.087800</td>\n",
       "      <td>0.030391</td>\n",
       "      <td>-0.015935</td>\n",
       "      <td>-0.042324</td>\n",
       "      <td>0.090588</td>\n",
       "      <td>0.029636</td>\n",
       "    </tr>\n",
       "    <tr>\n",
       "      <th>view</th>\n",
       "      <td>0.396862</td>\n",
       "      <td>0.080577</td>\n",
       "      <td>0.180923</td>\n",
       "      <td>0.285506</td>\n",
       "      <td>0.077073</td>\n",
       "      <td>0.027518</td>\n",
       "      <td>0.409773</td>\n",
       "      <td>1.000000</td>\n",
       "      <td>0.046354</td>\n",
       "      <td>0.248679</td>\n",
       "      <td>0.170726</td>\n",
       "      <td>-0.056645</td>\n",
       "      <td>0.098386</td>\n",
       "      <td>0.086479</td>\n",
       "      <td>0.008403</td>\n",
       "      <td>-0.078500</td>\n",
       "      <td>0.277778</td>\n",
       "      <td>0.071496</td>\n",
       "    </tr>\n",
       "    <tr>\n",
       "      <th>condition</th>\n",
       "      <td>0.034367</td>\n",
       "      <td>0.020074</td>\n",
       "      <td>-0.130287</td>\n",
       "      <td>-0.062319</td>\n",
       "      <td>-0.016036</td>\n",
       "      <td>-0.261013</td>\n",
       "      <td>0.016454</td>\n",
       "      <td>0.046354</td>\n",
       "      <td>1.000000</td>\n",
       "      <td>-0.147810</td>\n",
       "      <td>-0.157958</td>\n",
       "      <td>-0.366938</td>\n",
       "      <td>-0.060845</td>\n",
       "      <td>0.001685</td>\n",
       "      <td>-0.022250</td>\n",
       "      <td>-0.105823</td>\n",
       "      <td>-0.096336</td>\n",
       "      <td>-0.005139</td>\n",
       "    </tr>\n",
       "    <tr>\n",
       "      <th>grade</th>\n",
       "      <td>0.664146</td>\n",
       "      <td>0.354243</td>\n",
       "      <td>0.664748</td>\n",
       "      <td>0.764251</td>\n",
       "      <td>0.108950</td>\n",
       "      <td>0.459843</td>\n",
       "      <td>0.083034</td>\n",
       "      <td>0.248679</td>\n",
       "      <td>-0.147810</td>\n",
       "      <td>1.000000</td>\n",
       "      <td>0.758289</td>\n",
       "      <td>0.443286</td>\n",
       "      <td>0.011795</td>\n",
       "      <td>-0.184120</td>\n",
       "      <td>0.117425</td>\n",
       "      <td>0.200680</td>\n",
       "      <td>0.717031</td>\n",
       "      <td>0.116671</td>\n",
       "    </tr>\n",
       "    <tr>\n",
       "      <th>sqft_above</th>\n",
       "      <td>0.612014</td>\n",
       "      <td>0.474272</td>\n",
       "      <td>0.685677</td>\n",
       "      <td>0.876176</td>\n",
       "      <td>0.174216</td>\n",
       "      <td>0.529101</td>\n",
       "      <td>0.077165</td>\n",
       "      <td>0.170726</td>\n",
       "      <td>-0.157958</td>\n",
       "      <td>0.758289</td>\n",
       "      <td>1.000000</td>\n",
       "      <td>0.418850</td>\n",
       "      <td>0.018888</td>\n",
       "      <td>-0.257359</td>\n",
       "      <td>0.009045</td>\n",
       "      <td>0.342034</td>\n",
       "      <td>0.732636</td>\n",
       "      <td>0.185505</td>\n",
       "    </tr>\n",
       "    <tr>\n",
       "      <th>yr_built</th>\n",
       "      <td>0.049345</td>\n",
       "      <td>0.153229</td>\n",
       "      <td>0.504841</td>\n",
       "      <td>0.314220</td>\n",
       "      <td>0.051578</td>\n",
       "      <td>0.487052</td>\n",
       "      <td>-0.024068</td>\n",
       "      <td>-0.056645</td>\n",
       "      <td>-0.366938</td>\n",
       "      <td>0.443286</td>\n",
       "      <td>0.418850</td>\n",
       "      <td>1.000000</td>\n",
       "      <td>-0.223541</td>\n",
       "      <td>-0.344252</td>\n",
       "      <td>-0.144089</td>\n",
       "      <td>0.408623</td>\n",
       "      <td>0.322190</td>\n",
       "      <td>0.070430</td>\n",
       "    </tr>\n",
       "    <tr>\n",
       "      <th>yr_renovated</th>\n",
       "      <td>0.122731</td>\n",
       "      <td>0.017430</td>\n",
       "      <td>0.046988</td>\n",
       "      <td>0.050232</td>\n",
       "      <td>0.002147</td>\n",
       "      <td>-0.000720</td>\n",
       "      <td>0.087800</td>\n",
       "      <td>0.098386</td>\n",
       "      <td>-0.060845</td>\n",
       "      <td>0.011795</td>\n",
       "      <td>0.018888</td>\n",
       "      <td>-0.223541</td>\n",
       "      <td>1.000000</td>\n",
       "      <td>0.068396</td>\n",
       "      <td>0.032126</td>\n",
       "      <td>-0.070677</td>\n",
       "      <td>-0.005688</td>\n",
       "      <td>0.002519</td>\n",
       "    </tr>\n",
       "    <tr>\n",
       "      <th>zipcode</th>\n",
       "      <td>-0.049502</td>\n",
       "      <td>-0.147255</td>\n",
       "      <td>-0.199625</td>\n",
       "      <td>-0.196537</td>\n",
       "      <td>-0.129494</td>\n",
       "      <td>-0.058130</td>\n",
       "      <td>0.030391</td>\n",
       "      <td>0.086479</td>\n",
       "      <td>0.001685</td>\n",
       "      <td>-0.184120</td>\n",
       "      <td>-0.257359</td>\n",
       "      <td>-0.344252</td>\n",
       "      <td>0.068396</td>\n",
       "      <td>1.000000</td>\n",
       "      <td>0.267763</td>\n",
       "      <td>-0.562154</td>\n",
       "      <td>-0.280086</td>\n",
       "      <td>-0.146111</td>\n",
       "    </tr>\n",
       "    <tr>\n",
       "      <th>lat</th>\n",
       "      <td>0.306607</td>\n",
       "      <td>-0.005917</td>\n",
       "      <td>0.029930</td>\n",
       "      <td>0.058394</td>\n",
       "      <td>-0.084304</td>\n",
       "      <td>0.058190</td>\n",
       "      <td>-0.015935</td>\n",
       "      <td>0.008403</td>\n",
       "      <td>-0.022250</td>\n",
       "      <td>0.117425</td>\n",
       "      <td>0.009045</td>\n",
       "      <td>-0.144089</td>\n",
       "      <td>0.032126</td>\n",
       "      <td>0.267763</td>\n",
       "      <td>1.000000</td>\n",
       "      <td>-0.133840</td>\n",
       "      <td>0.047319</td>\n",
       "      <td>-0.082980</td>\n",
       "    </tr>\n",
       "    <tr>\n",
       "      <th>long</th>\n",
       "      <td>0.021215</td>\n",
       "      <td>0.129370</td>\n",
       "      <td>0.222755</td>\n",
       "      <td>0.239521</td>\n",
       "      <td>0.231638</td>\n",
       "      <td>0.129769</td>\n",
       "      <td>-0.042324</td>\n",
       "      <td>-0.078500</td>\n",
       "      <td>-0.105823</td>\n",
       "      <td>0.200680</td>\n",
       "      <td>0.342034</td>\n",
       "      <td>0.408623</td>\n",
       "      <td>-0.070677</td>\n",
       "      <td>-0.562154</td>\n",
       "      <td>-0.133840</td>\n",
       "      <td>1.000000</td>\n",
       "      <td>0.339699</td>\n",
       "      <td>0.254721</td>\n",
       "    </tr>\n",
       "    <tr>\n",
       "      <th>sqft_living15</th>\n",
       "      <td>0.581572</td>\n",
       "      <td>0.390720</td>\n",
       "      <td>0.569290</td>\n",
       "      <td>0.756676</td>\n",
       "      <td>0.145393</td>\n",
       "      <td>0.281982</td>\n",
       "      <td>0.090588</td>\n",
       "      <td>0.277778</td>\n",
       "      <td>-0.096336</td>\n",
       "      <td>0.717031</td>\n",
       "      <td>0.732636</td>\n",
       "      <td>0.322190</td>\n",
       "      <td>-0.005688</td>\n",
       "      <td>-0.280086</td>\n",
       "      <td>0.047319</td>\n",
       "      <td>0.339699</td>\n",
       "      <td>1.000000</td>\n",
       "      <td>0.181315</td>\n",
       "    </tr>\n",
       "    <tr>\n",
       "      <th>sqft_lot15</th>\n",
       "      <td>0.079402</td>\n",
       "      <td>0.025217</td>\n",
       "      <td>0.081984</td>\n",
       "      <td>0.176820</td>\n",
       "      <td>0.718489</td>\n",
       "      <td>-0.013571</td>\n",
       "      <td>0.029636</td>\n",
       "      <td>0.071496</td>\n",
       "      <td>-0.005139</td>\n",
       "      <td>0.116671</td>\n",
       "      <td>0.185505</td>\n",
       "      <td>0.070430</td>\n",
       "      <td>0.002519</td>\n",
       "      <td>-0.146111</td>\n",
       "      <td>-0.082980</td>\n",
       "      <td>0.254721</td>\n",
       "      <td>0.181315</td>\n",
       "      <td>1.000000</td>\n",
       "    </tr>\n",
       "  </tbody>\n",
       "</table>\n",
       "</div>"
      ],
      "text/plain": [
       "                  price  bedrooms  bathrooms  sqft_living  sqft_lot    floors  \\\n",
       "price          1.000000  0.305489   0.526155     0.706189  0.084504  0.259505   \n",
       "bedrooms       0.305489  1.000000   0.512243     0.573575  0.025460  0.180485   \n",
       "bathrooms      0.526155  0.512243   1.000000     0.753846  0.080362  0.505187   \n",
       "sqft_living    0.706189  0.573575   0.753846     1.000000  0.165336  0.359407   \n",
       "sqft_lot       0.084504  0.025460   0.080362     0.165336  1.000000 -0.009924   \n",
       "floors         0.259505  0.180485   0.505187     0.359407 -0.009924  1.000000   \n",
       "waterfront     0.274212 -0.005833   0.065688     0.111491  0.025982  0.018382   \n",
       "view           0.396862  0.080577   0.180923     0.285506  0.077073  0.027518   \n",
       "condition      0.034367  0.020074  -0.130287    -0.062319 -0.016036 -0.261013   \n",
       "grade          0.664146  0.354243   0.664748     0.764251  0.108950  0.459843   \n",
       "sqft_above     0.612014  0.474272   0.685677     0.876176  0.174216  0.529101   \n",
       "yr_built       0.049345  0.153229   0.504841     0.314220  0.051578  0.487052   \n",
       "yr_renovated   0.122731  0.017430   0.046988     0.050232  0.002147 -0.000720   \n",
       "zipcode       -0.049502 -0.147255  -0.199625    -0.196537 -0.129494 -0.058130   \n",
       "lat            0.306607 -0.005917   0.029930     0.058394 -0.084304  0.058190   \n",
       "long           0.021215  0.129370   0.222755     0.239521  0.231638  0.129769   \n",
       "sqft_living15  0.581572  0.390720   0.569290     0.756676  0.145393  0.281982   \n",
       "sqft_lot15     0.079402  0.025217   0.081984     0.176820  0.718489 -0.013571   \n",
       "\n",
       "               waterfront      view  condition     grade  sqft_above  \\\n",
       "price            0.274212  0.396862   0.034367  0.664146    0.612014   \n",
       "bedrooms        -0.005833  0.080577   0.020074  0.354243    0.474272   \n",
       "bathrooms        0.065688  0.180923  -0.130287  0.664748    0.685677   \n",
       "sqft_living      0.111491  0.285506  -0.062319  0.764251    0.876176   \n",
       "sqft_lot         0.025982  0.077073  -0.016036  0.108950    0.174216   \n",
       "floors           0.018382  0.027518  -0.261013  0.459843    0.529101   \n",
       "waterfront       1.000000  0.409773   0.016454  0.083034    0.077165   \n",
       "view             0.409773  1.000000   0.046354  0.248679    0.170726   \n",
       "condition        0.016454  0.046354   1.000000 -0.147810   -0.157958   \n",
       "grade            0.083034  0.248679  -0.147810  1.000000    0.758289   \n",
       "sqft_above       0.077165  0.170726  -0.157958  0.758289    1.000000   \n",
       "yr_built        -0.024068 -0.056645  -0.366938  0.443286    0.418850   \n",
       "yr_renovated     0.087800  0.098386  -0.060845  0.011795    0.018888   \n",
       "zipcode          0.030391  0.086479   0.001685 -0.184120   -0.257359   \n",
       "lat             -0.015935  0.008403  -0.022250  0.117425    0.009045   \n",
       "long            -0.042324 -0.078500  -0.105823  0.200680    0.342034   \n",
       "sqft_living15    0.090588  0.277778  -0.096336  0.717031    0.732636   \n",
       "sqft_lot15       0.029636  0.071496  -0.005139  0.116671    0.185505   \n",
       "\n",
       "               yr_built  yr_renovated   zipcode       lat      long  \\\n",
       "price          0.049345      0.122731 -0.049502  0.306607  0.021215   \n",
       "bedrooms       0.153229      0.017430 -0.147255 -0.005917  0.129370   \n",
       "bathrooms      0.504841      0.046988 -0.199625  0.029930  0.222755   \n",
       "sqft_living    0.314220      0.050232 -0.196537  0.058394  0.239521   \n",
       "sqft_lot       0.051578      0.002147 -0.129494 -0.084304  0.231638   \n",
       "floors         0.487052     -0.000720 -0.058130  0.058190  0.129769   \n",
       "waterfront    -0.024068      0.087800  0.030391 -0.015935 -0.042324   \n",
       "view          -0.056645      0.098386  0.086479  0.008403 -0.078500   \n",
       "condition     -0.366938     -0.060845  0.001685 -0.022250 -0.105823   \n",
       "grade          0.443286      0.011795 -0.184120  0.117425  0.200680   \n",
       "sqft_above     0.418850      0.018888 -0.257359  0.009045  0.342034   \n",
       "yr_built       1.000000     -0.223541 -0.344252 -0.144089  0.408623   \n",
       "yr_renovated  -0.223541      1.000000  0.068396  0.032126 -0.070677   \n",
       "zipcode       -0.344252      0.068396  1.000000  0.267763 -0.562154   \n",
       "lat           -0.144089      0.032126  0.267763  1.000000 -0.133840   \n",
       "long           0.408623     -0.070677 -0.562154 -0.133840  1.000000   \n",
